0.771742032865001 
0.7703874275537363 
-1.6690936573628208 
3.9300947039043526 
9.833719995653775 
-4.697360275274809 
0.558337037857671 
-0.5878780003999331 
0.5552314440789164 
0.7372219921348055 
0.735832082349023 
-1.1424796080919462 
7.894079387171999 
-0.11263876783428667 
0.9454964187086313 
0.5476921830240913 
-3.217590710483501 
0.08911875322846918 
0.5296405772292395 
0.9173322381580715 
-0.10619965040310447 
2.651845590496859 
1.2116938593726518 
1.2014021974587807 
1.1913325105852846 
-0.2941623976859214 
-0.6540839423630734 
-0.5392586494772073 
-0.6502342428818181 
-0.19091193002005985 
0.34019681522855716 
5.348643203708926 
-0.023058700523998166 
-0.024832431938686644 
-0.026596921371807643 
0.7704950684491048 
0.7691462060210734 
4.621651757161249 
4.620313463276023 
5.296967477374537 
0.7509151022845267 
0.7494643769074038 
2.9744665716349767 
2.9663837182890824 
4.679748160132963 
4.678268976532992 
1.769155769712828 
1.7627727173392866 
1.7565031096961743 
-4.2577997123503035 
4.474644708942182 
4.343720627516697 
1.8848411884403327 
1.8784319455636083 
1.8721361190353323 
2.4660868685338397 
0.1882935406392025 
1.8692715869742675 
0.3709631016460209 
0.395498381073911 
4.417338541870878 
5.179971202424904 
